Nom de l'instance : rc201
Nombre de depots : 1
Nombre de vehicules : 4
Nombre de clients : 100
Nombre total de sommets : 101

Temps de service : 10

id	x	y	deb	fin
0	40	50	0	960
1	25	85	673	793
2	22	75	152	272
3	22	85	471	591
4	20	80	644	764
5	20	85	73	193
6	18	75	388	508
7	15	75	300	420
8	15	80	367	487
9	10	35	371	491
10	10	40	519	639
11	8	40	195	315
12	8	45	223	343
13	5	35	653	773
14	5	45	35	155
15	2	40	174	294
16	0	40	255	375
17	0	45	703	823
18	44	5	335	455
19	42	10	254	374
20	42	15	537	657
21	40	5	215	335
22	40	15	375	495
23	38	5	201	321
24	38	15	681	801
25	35	5	784	904
26	95	30	529	649
27	95	35	146	266
28	92	30	149	269
29	90	35	194	314
30	88	30	246	366
31	88	35	165	285
32	87	30	621	741
33	85	25	80	200
34	85	35	487	607
35	67	85	657	777
36	65	85	43	163
37	65	82	557	677
38	62	80	278	398
39	60	80	64	184
40	60	85	329	449
41	58	75	376	496
42	55	80	33	153
43	55	85	574	694
44	55	82	217	337
45	20	82	37	157
46	18	80	489	609
47	2	45	105	225
48	42	5	732	852
49	42	12	440	560
50	72	35	507	627
51	55	20	326	446
52	25	30	175	295
53	20	50	375	495
54	55	60	601	721
55	30	60	599	719
56	50	35	557	677
57	30	25	397	517
58	15	10	782	902
59	10	20	42	162
60	15	60	694	814
61	45	65	258	378
62	65	35	167	287
63	65	20	39	159
64	45	30	191	311
65	35	40	11	131
66	41	37	566	686
67	64	42	268	388
68	40	60	612	732
69	31	52	157	277
70	35	69	810	930
71	65	55	241	361
72	63	65	60	180
73	2	60	286	406
74	20	20	645	765
75	5	5	232	352
76	60	12	268	388
77	23	3	764	884
78	8	56	365	485
79	6	68	352	472
80	47	47	822	942
81	49	58	355	475
82	27	43	152	272
83	37	31	105	225
84	57	29	395	515
85	63	23	344	464
86	21	24	349	469
87	12	24	359	479
88	24	58	260	380
89	67	5	713	833
90	37	47	359	479
91	49	42	719	839
92	53	43	14	134
93	61	52	808	928
94	57	48	392	512
95	56	37	100	220
96	55	54	562	682
97	4	18	547	667
98	26	52	172	292
99	26	35	308	428
100	31	67	810	930
Tournee 0
nombre iterations : 10000
moyenne d'arrivee : 1.836 35.2917 59.4773 73.63 97.9826 144.458 157.457 177.652 211.13 227.45 291.642 321.066 336.916 353.149 369.548 406.181 429.098 458.991 530.053 545.431 639.009 686.427 747.996 768.732 789.259 812.856 833.528 
pire client : 4(5235 echecs)
moyenne d'attente pour ceux qui ont reussi : 196.345


Tournee 1
nombre iterations : 10000
moyenne d'arrivee : 30.5785 42.6087 82.9223 95.9449 141.815 167.673 271.718 283.792 299.794 314.769 340.844 357.572 387.88 409.162 422.154 438.005 450.983 505.415 520.773 661.069 704.546 723.915 
pire client : 6(3315 echecs)
moyenne d'attente pour ceux qui ont reussi : 255.502


Tournee 2
nombre iterations : 10000
moyenne d'arrivee : 40.0815 55.1976 71.9423 129.323 160.011 178.659 194.469 209.487 220.898 235.869 277.873 294.956 318.068 357.344 389.024 409.705 428.459 441.542 461.822 487.305 511.487 552.18 579.289 676.287 697.428 734.981 762.415 824.436 
pire client : 18(4506 echecs)
moyenne d'attente pour ceux qui ont reussi : 174.322


Tournee 3
nombre iterations : 10000
moyenne d'arrivee : 75.3685 86.1536 176.16 197.993 218.889 236.947 267.052 283.643 295.627 309.622 362.527 383.908 402.406 422.118 447.418 461.691 473.688 568.943 589.511 616.641 631.555 663.3 683.299 705.275 748.638 832.512 847.906 
pire client : 3(3103 echecs)
moyenne d'attente pour ceux qui ont reussi : 221.935


